CKA Layer Importance Analysis
Source: qwen3/hsic/qwen3-hsic-q8_0-ctx256
Model:  48 layers, n_embd=2048, 1681 chunks, ctx=256
Note:   Layer 47 excluded from ranking (reference layer for S_out)

==========================================================================================
Per-Layer Results
==========================================================================================
  L |    S_in |   S_out |      M1  R1 |      M2  R2 |      M3  R3
    |         |         | Sout(1-Sin) |    Sout/Sin |    Sout-Sin
------------------------------------------------------------------------------------------
  0 |  0.8075 |  0.3217 |  0.0619  39 |  0.3984   7 | -0.4858  43
  1 |  0.5127 |  0.1734 |  0.0845  15 |  0.3381  21 | -0.3394  19
  2 |  0.3141 |  0.1096 |  0.0752  22 |  0.3490  16 | -0.2045   4
  3 |  0.4259 |  0.1471 |  0.0845  16 |  0.3454  19 | -0.2788   9
  4 |  0.6962 |  0.2545 |  0.0773  21 |  0.3656  13 | -0.4417  37
  5 |  0.7469 |  0.2243 |  0.0568  43 |  0.3002  29 | -0.5227  47
  6 |  0.4627 |  0.1669 |  0.0896  11 |  0.3606  14 | -0.2959  12
  7 |  0.4310 |  0.1107 |  0.0630  38 |  0.2569  42 | -0.3202  17
  8 |  0.6102 |  0.2298 |  0.0896  12 |  0.3765  12 | -0.3805  26
  9 |  0.6365 |  0.1652 |  0.0601  40 |  0.2596  39 | -0.4713  42
 10 |  0.6363 |  0.2516 |  0.0915   9 |  0.3953   9 | -0.3848  29
 11 |  0.6192 |  0.2371 |  0.0903  10 |  0.3830  11 | -0.3820  27
 12 |  0.5699 |  0.2269 |  0.0976   7 |  0.3981   8 | -0.3430  20
 13 |  0.6440 |  0.2235 |  0.0796  20 |  0.3470  17 | -0.4205  32
 14 |  0.6302 |  0.2021 |  0.0747  24 |  0.3206  24 | -0.4281  34
 15 |  0.6218 |  0.1728 |  0.0653  32 |  0.2778  33 | -0.4490  39
 16 |  0.5239 |  0.1451 |  0.0691  28 |  0.2771  34 | -0.3787  24
 17 |  0.4599 |  0.1328 |  0.0717  26 |  0.2887  31 | -0.3272  18
 18 |  0.4123 |  0.1100 |  0.0646  34 |  0.2667  37 | -0.3023  14
 19 |  0.3887 |  0.0869 |  0.0532  44 |  0.2237  45 | -0.3017  13
 20 |  0.4796 |  0.1644 |  0.0855  14 |  0.3427  20 | -0.3153  16
 21 |  0.6546 |  0.1686 |  0.0582  42 |  0.2575  41 | -0.4860  44
 22 |  0.6424 |  0.1902 |  0.0680  29 |  0.2961  30 | -0.4522  41
 23 |  0.5498 |  0.1661 |  0.0748  23 |  0.3022  28 | -0.3836  28
 24 |  0.5039 |  0.1351 |  0.0670  30 |  0.2681  36 | -0.3688  23
 25 |  0.5723 |  0.1924 |  0.0823  18 |  0.3361  22 | -0.3799  25
 26 |  0.5308 |  0.1060 |  0.0498  47 |  0.1998  47 | -0.4247  33
 27 |  0.5671 |  0.1484 |  0.0642  35 |  0.2616  38 | -0.4188  31
 28 |  0.5710 |  0.1238 |  0.0531  45 |  0.2169  46 | -0.4472  38
 29 |  0.3862 |  0.1081 |  0.0663  31 |  0.2798  32 | -0.2781   8
 30 |  0.3460 |  0.1068 |  0.0698  27 |  0.3085  27 | -0.2393   6
 31 |  0.3778 |  0.0956 |  0.0595  41 |  0.2531  43 | -0.2822  10
 32 |  0.5800 |  0.1504 |  0.0632  37 |  0.2594  40 | -0.4296  35
 33 |  0.6550 |  0.1479 |  0.0510  46 |  0.2257  44 | -0.5071  46
 34 |  0.7145 |  0.2264 |  0.0647  33 |  0.3169  25 | -0.4880  45
 35 |  0.6376 |  0.1996 |  0.0723  25 |  0.3131  26 | -0.4380  36
 36 |  0.5332 |  0.1719 |  0.0802  19 |  0.3223  23 | -0.3614  22
 37 |  0.4779 |  0.2651 |  0.1384   3 |  0.5547   4 | -0.2128   5
 38 |  0.6174 |  0.1676 |  0.0641  36 |  0.2714  35 | -0.4499  40
 39 |  0.5621 |  0.2154 |  0.0943   8 |  0.3832  10 | -0.3467  21
 40 |  0.4717 |  0.1632 |  0.0862  13 |  0.3459  18 | -0.3086  15
 41 |  0.6167 |  0.2204 |  0.0845  17 |  0.3573  15 | -0.3964  30
 42 |  0.5118 |  0.2722 |  0.1329   5 |  0.5318   5 | -0.2396   7
 43 |  0.5860 |  0.3021 |  0.1251   6 |  0.5156   6 | -0.2839  11
 44 |  0.3979 |  0.2291 |  0.1380   4 |  0.5759   3 | -0.1687   3
 45 |  0.4339 |  0.3213 |  0.1819   2 |  0.7405   2 | -0.1126   2
 46 |  0.5359 |  0.5007 |  0.2324   1 |  0.9343   1 | -0.0352   1
 47 |  0.3434 |  1.0000 |  0.6566   * |  2.9120   * |  0.6566   *
  * = reference layer (excluded from ranking)

==========================================================================================
Summary Statistics (layers 0-46)
==========================================================================================
S_in  range: [0.3141, 0.8075]  mean=0.5460  std=0.1083
S_out range: [0.0869, 0.5007]  mean=0.1904  std=0.0744
M1    range: [0.0498, 0.2324]
M2    range: [0.1998, 0.9343]
M3    range: [-0.5227, -0.0352]

==========================================================================================
Rankings — top/bottom 12 (1 = most important, layer 47 excluded)
==========================================================================================
 M1 Sout*(1-Sin) — top 12:    [46, 45, 37, 44, 42, 43, 12, 39, 10, 11, 6, 8]
                   bottom 12: [26, 33, 28, 19, 5, 21, 31, 9, 0, 7, 32, 38]
     M2 Sout/Sin — top 12:    [46, 45, 44, 37, 42, 43, 0, 12, 10, 39, 11, 8]
                   bottom 12: [26, 28, 19, 33, 31, 7, 21, 32, 9, 27, 18, 24]
     M3 Sout-Sin — top 12:    [46, 45, 44, 2, 37, 30, 42, 29, 3, 31, 43, 6]
                   bottom 12: [5, 33, 34, 21, 0, 9, 22, 38, 15, 28, 4, 35]

==========================================================================================
Metric Correlations (Spearman rho, layers 0-46)
==========================================================================================
  M1 vs M2: rho = 0.900
  M1 vs M3: rho = 0.593
  M2 vs M3: rho = 0.425
