CKA Layer Importance Analysis
Source: qwen35/hsic/qwen35-hsic-q8_0
Model:  40 layers, n_embd=2048, 829 chunks, ctx=512
Note:   Layer 39 excluded from ranking (reference layer for S_out)

==========================================================================================
Per-Layer Results
==========================================================================================
  L |    S_in |   S_out |      M1  R1 |      M2  R2 |      M3  R3
    |         |         | Sout(1-Sin) |    Sout/Sin |    Sout-Sin
------------------------------------------------------------------------------------------
  0 |  0.7280 |  0.1745 |  0.0475  37 |  0.2398  32 | -0.5534  39
  1 |  0.2486 |  0.1089 |  0.0818  13 |  0.4380   7 | -0.1397   2
  2 |  0.5646 |  0.1505 |  0.0655  25 |  0.2666  25 | -0.4141  32
  3 |  0.5578 |  0.1476 |  0.0652  26 |  0.2645  26 | -0.4103  31
  4 |  0.5576 |  0.1273 |  0.0563  33 |  0.2282  34 | -0.4303  36
  5 |  0.5269 |  0.1218 |  0.0576  32 |  0.2311  33 | -0.4051  30
  6 |  0.4665 |  0.1045 |  0.0557  34 |  0.2240  35 | -0.3620  22
  7 |  0.4954 |  0.1332 |  0.0672  24 |  0.2688  24 | -0.3623  23
  8 |  0.3236 |  0.0692 |  0.0468  38 |  0.2140  37 | -0.2544   6
  9 |  0.5115 |  0.1873 |  0.0915   9 |  0.3662  12 | -0.3242  14
 10 |  0.6197 |  0.1520 |  0.0578  31 |  0.2452  31 | -0.4677  38
 11 |  0.5180 |  0.1416 |  0.0682  23 |  0.2733  23 | -0.3764  25
 12 |  0.4626 |  0.0983 |  0.0528  36 |  0.2126  38 | -0.3643  24
 13 |  0.4903 |  0.1342 |  0.0684  22 |  0.2738  22 | -0.3561  21
 14 |  0.4981 |  0.1421 |  0.0713  21 |  0.2854  21 | -0.3560  20
 15 |  0.4513 |  0.0982 |  0.0539  35 |  0.2176  36 | -0.3531  18
 16 |  0.4419 |  0.1099 |  0.0613  30 |  0.2487  30 | -0.3320  16
 17 |  0.4155 |  0.1387 |  0.0811  14 |  0.3339  16 | -0.2768   9
 18 |  0.4426 |  0.1423 |  0.0793  15 |  0.3215  18 | -0.3003  12
 19 |  0.5258 |  0.2337 |  0.1108   6 |  0.4445   6 | -0.2921  11
 20 |  0.3132 |  0.0659 |  0.0453  39 |  0.2104  39 | -0.2473   5
 21 |  0.5406 |  0.1864 |  0.0856  11 |  0.3448  14 | -0.3542  19
 22 |  0.6236 |  0.2026 |  0.0762  17 |  0.3248  17 | -0.4211  35
 23 |  0.5042 |  0.1847 |  0.0916   8 |  0.3662  11 | -0.3196  13
 24 |  0.5134 |  0.1337 |  0.0650  27 |  0.2604  27 | -0.3797  26
 25 |  0.5207 |  0.1817 |  0.0871  10 |  0.3490  13 | -0.3390  17
 26 |  0.5389 |  0.2104 |  0.0970   7 |  0.3904   9 | -0.3285  15
 27 |  0.5284 |  0.1363 |  0.0643  28 |  0.2580  28 | -0.3921  28
 28 |  0.5292 |  0.1358 |  0.0639  29 |  0.2566  29 | -0.3934  29
 29 |  0.6297 |  0.2140 |  0.0792  16 |  0.3398  15 | -0.4157  34
 30 |  0.5447 |  0.1649 |  0.0751  18 |  0.3027  20 | -0.3798  27
 31 |  0.3838 |  0.1216 |  0.0749  19 |  0.3168  19 | -0.2622   8
 32 |  0.7261 |  0.2687 |  0.0736  20 |  0.3701  10 | -0.4574  37
 33 |  0.6843 |  0.2698 |  0.0852  12 |  0.3943   8 | -0.4144  33
 34 |  0.6983 |  0.4409 |  0.1330   4 |  0.6314   3 | -0.2574   7
 35 |  0.5598 |  0.3211 |  0.1414   3 |  0.5736   4 | -0.2387   4
 36 |  0.6494 |  0.3638 |  0.1275   5 |  0.5602   5 | -0.2856  10
 37 |  0.7090 |  0.5128 |  0.1492   2 |  0.7233   2 | -0.1962   3
 38 |  0.5988 |  0.6423 |  0.2577   1 |  1.0727   1 |  0.0435   1
 39 |  0.3348 |  1.0000 |  0.6652   * |  2.9872   * |  0.6652   *
  * = reference layer (excluded from ranking)

==========================================================================================
Summary Statistics (layers 0-38)
==========================================================================================
S_in  range: [0.2486, 0.7280]  mean=0.5293  std=0.1075
S_out range: [0.0659, 0.6423]  mean=0.1916  std=0.1183
M1    range: [0.0453, 0.2577]
M2    range: [0.2104, 1.0727]
M3    range: [-0.5534, 0.0435]

==========================================================================================
Rankings — top/bottom 12 (1 = most important, layer 39 excluded)
==========================================================================================
 M1 Sout*(1-Sin) — top 12:    [38, 37, 35, 34, 36, 19, 26, 23, 9, 25, 21, 33]
                   bottom 12: [20, 8, 0, 12, 15, 6, 4, 5, 10, 16, 28, 27]
     M2 Sout/Sin — top 12:    [38, 37, 34, 35, 36, 19, 1, 33, 26, 32, 23, 9]
                   bottom 12: [20, 12, 8, 15, 6, 4, 5, 0, 10, 16, 28, 27]
     M3 Sout-Sin — top 12:    [38, 1, 37, 35, 20, 8, 34, 31, 17, 36, 19, 18]
                   bottom 12: [0, 10, 32, 4, 22, 29, 33, 2, 3, 5, 28, 27]

==========================================================================================
Metric Correlations (Spearman rho, layers 0-38)
==========================================================================================
  M1 vs M2: rho = 0.975
  M1 vs M3: rho = 0.481
  M2 vs M3: rho = 0.427
