CKA Layer Importance Analysis
Source: qwen3/hsic/qwen3-hsic-q8_0
Model:  48 layers, n_embd=2048, 840 chunks, ctx=512
Note:   Layer 47 excluded from ranking (reference layer for S_out)

==========================================================================================
Per-Layer Results
==========================================================================================
  L |    S_in |   S_out |      M1  R1 |      M2  R2 |      M3  R3
    |         |         | Sout(1-Sin) |    Sout/Sin |    Sout-Sin
------------------------------------------------------------------------------------------
  0 |  0.8173 |  0.3109 |  0.0568  39 |  0.3804   8 | -0.5064  43
  1 |  0.7423 |  0.2371 |  0.0611  33 |  0.3194  22 | -0.5052  42
  2 |  0.5828 |  0.1870 |  0.0780  18 |  0.3209  20 | -0.3958  24
  3 |  0.5938 |  0.2056 |  0.0835  12 |  0.3462  14 | -0.3882  19
  4 |  0.7132 |  0.2502 |  0.0718  21 |  0.3509  13 | -0.4630  36
  5 |  0.7625 |  0.2180 |  0.0518  44 |  0.2859  29 | -0.5445  47
  6 |  0.4845 |  0.1649 |  0.0850  11 |  0.3403  15 | -0.3196  10
  7 |  0.4476 |  0.1083 |  0.0598  35 |  0.2419  42 | -0.3393  16
  8 |  0.6192 |  0.2245 |  0.0855  10 |  0.3626  11 | -0.3947  22
  9 |  0.6606 |  0.1654 |  0.0561  41 |  0.2504  38 | -0.4952  41
 10 |  0.6537 |  0.2558 |  0.0886   8 |  0.3912   7 | -0.3979  26
 11 |  0.6413 |  0.2323 |  0.0833  13 |  0.3622  12 | -0.4090  27
 12 |  0.5869 |  0.2209 |  0.0913   7 |  0.3764   9 | -0.3660  17
 13 |  0.6610 |  0.2205 |  0.0748  19 |  0.3336  17 | -0.4405  30
 14 |  0.6577 |  0.2033 |  0.0696  23 |  0.3091  23 | -0.4544  33
 15 |  0.6401 |  0.1733 |  0.0624  30 |  0.2707  32 | -0.4668  37
 16 |  0.5349 |  0.1422 |  0.0661  26 |  0.2658  33 | -0.3927  21
 17 |  0.4619 |  0.1320 |  0.0710  22 |  0.2859  30 | -0.3298  13
 18 |  0.4357 |  0.1103 |  0.0623  31 |  0.2532  35 | -0.3254  11
 19 |  0.4186 |  0.0905 |  0.0526  43 |  0.2163  44 | -0.3281  12
 20 |  0.4939 |  0.1620 |  0.0820  14 |  0.3280  18 | -0.3319  14
 21 |  0.6777 |  0.1665 |  0.0537  42 |  0.2457  40 | -0.5112  45
 22 |  0.6624 |  0.1908 |  0.0644  28 |  0.2880  28 | -0.4716  38
 23 |  0.5723 |  0.1586 |  0.0678  25 |  0.2770  31 | -0.4138  29
 24 |  0.5291 |  0.1321 |  0.0622  32 |  0.2496  39 | -0.3970  25
 25 |  0.5868 |  0.1920 |  0.0793  16 |  0.3271  19 | -0.3949  23
 26 |  0.5498 |  0.1027 |  0.0462  47 |  0.1868  47 | -0.4471  32
 27 |  0.5953 |  0.1499 |  0.0607  34 |  0.2519  37 | -0.4453  31
 28 |  0.5983 |  0.1224 |  0.0492  45 |  0.2046  46 | -0.4759  40
 29 |  0.3835 |  0.1013 |  0.0624  29 |  0.2641  34 | -0.2822   7
 30 |  0.3812 |  0.1104 |  0.0683  24 |  0.2895  26 | -0.2708   5
 31 |  0.4030 |  0.0977 |  0.0583  38 |  0.2424  41 | -0.3053   9
 32 |  0.5998 |  0.1408 |  0.0563  40 |  0.2347  43 | -0.4590  34
 33 |  0.6619 |  0.1401 |  0.0474  46 |  0.2117  45 | -0.5217  46
 34 |  0.7356 |  0.2248 |  0.0595  36 |  0.3056  24 | -0.5107  44
 35 |  0.6481 |  0.1871 |  0.0658  27 |  0.2887  27 | -0.4610  35
 36 |  0.5610 |  0.1683 |  0.0739  20 |  0.3001  25 | -0.3926  20
 37 |  0.4864 |  0.2592 |  0.1331   3 |  0.5328   3 | -0.2273   4
 38 |  0.6351 |  0.1601 |  0.0584  37 |  0.2521  36 | -0.4750  39
 39 |  0.5950 |  0.2162 |  0.0876   9 |  0.3635  10 | -0.3787  18
 40 |  0.4940 |  0.1578 |  0.0799  15 |  0.3195  21 | -0.3362  15
 41 |  0.6244 |  0.2109 |  0.0792  17 |  0.3378  16 | -0.4135  28
 42 |  0.5387 |  0.2666 |  0.1230   5 |  0.4948   6 | -0.2722   6
 43 |  0.6171 |  0.3204 |  0.1227   6 |  0.5192   5 | -0.2967   8
 44 |  0.4244 |  0.2213 |  0.1274   4 |  0.5214   4 | -0.2031   3
 45 |  0.4335 |  0.3103 |  0.1758   2 |  0.7157   2 | -0.1233   2
 46 |  0.5522 |  0.5157 |  0.2309   1 |  0.9339   1 | -0.0365   1
 47 |  0.3428 |  1.0000 |  0.6572   * |  2.9174   * |  0.6572   *
  * = reference layer (excluded from ranking)

==========================================================================================
Summary Statistics (layers 0-46)
==========================================================================================
S_in  range: [0.3812, 0.8173]  mean=0.5778  std=0.1033
S_out range: [0.0905, 0.5157]  mean=0.1923  std=0.0746
M1    range: [0.0462, 0.2309]
M2    range: [0.1868, 0.9339]
M3    range: [-0.5445, -0.0365]

==========================================================================================
Rankings — top/bottom 12 (1 = most important, layer 47 excluded)
==========================================================================================
 M1 Sout*(1-Sin) — top 12:    [46, 45, 37, 44, 42, 43, 12, 10, 39, 8, 6, 3]
                   bottom 12: [26, 33, 28, 5, 19, 21, 9, 32, 0, 31, 38, 34]
     M2 Sout/Sin — top 12:    [46, 45, 37, 44, 43, 42, 10, 0, 12, 39, 8, 11]
                   bottom 12: [26, 28, 33, 19, 32, 7, 31, 21, 24, 9, 27, 38]
     M3 Sout-Sin — top 12:    [46, 45, 44, 37, 30, 42, 29, 43, 31, 6, 18, 19]
                   bottom 12: [5, 33, 21, 34, 0, 1, 9, 28, 38, 22, 15, 4]

==========================================================================================
Metric Correlations (Spearman rho, layers 0-46)
==========================================================================================
  M1 vs M2: rho = 0.886
  M1 vs M3: rho = 0.663
  M2 vs M3: rho = 0.421
